500 0.0008261026928262674
1000 0.0009410616893733572
500 0.0006928942715567544
1000 0.0008666079823754526
1500 0.0011529321000128912
2000 0.0016466808211665564
2500 0.0021867149002004296
3000 0.0023170258913898494
3500 0.0024360288317935267
4000 0.003217810909745152
4500 0.003900326371521793
5000 0.00441611926392367
5500 0.006292807962825702
6000 0.015067489227133253
6500 0.029408776635022716
7000 0.03535892261107428
7500 0.03376103200460082
8000 0.03627046898680864
8500 0.037294795125249976
9000 0.03758967767007041
9500 0.03716096930414868
10000 0.03679023781525465
500 0.0003348216526362007
1000 0.0003970758722512046
1500 0.0004910174924243137
2000 0.0006314436061518644
2500 0.0003451845830768358
3000 0.0002303207465159671
3500 0.0005938020172079747
4000 0.00041633739843353353
4500 0.0002678622258288505
5000 0.0006503024414032197
5500 0.0007773283389647732
6000 0.0008335333800515019
6500 0.0008343473078936105
7000 0.0008812212578898664
7500 0.0013074452291124486
8000 0.0007030089075893044
8500 0.0006428170350556168
9000 0.0007478984857896372
9500 0.0013837460231391123
10000 0.0015760454905859526
500 47.91170518923977
1000 93.13213584237451
1500 138.15013911502226
2000 183.0778629606813
2500 227.95372851469222
3000 272.796842334181
3500 317.6187278011169
4000 362.4247551216666
4500 407.2238519843846
5000 452.01038774014916
5500 465.5182931421707
6000 478.97664348066075
6500 492.44466694238855
7000 505.9199850272768
7500 519.3954719190378
8000 532.8709681996196
8500 546.3463015798679
9000 559.821818751288
9500 573.2971524436521
10000 586.7863484693556
500 0.0006603574895872192
1000 0.00026642040089599827
1500 0.000132655121762759
2000 0.00011310255806875928
2500 0.00011286017508158606
3000 0.00011448269956168887
3500 0.00011223345296607624
4000 0.00010887233803077089
4500 0.00010654538242604107
5000 0.00010291644667704148
5500 0.00010162830087802198
6000 0.00010229723021725382
6500 9.913624617901449e-05
7000 9.772336928936983e-05
7500 9.861041321451102e-05
8000 0.0002538765789708534
8500 0.0008038535464870049
9000 7.626896431542654e-05
9500 6.660639703926086e-05
10000 0.00040099311720028
500 0.0018787535918536771
1000 0.0022584493852385243
1500 0.0024304101342397405
2000 0.005421111300158532
2500 0.002387673306826929
3000 0.002507500687847999
3500 0.003019326861261658
4000 0.0035003622927223896
4500 0.008141656997076018
5000 0.021580951812556252
5500 0.02779729666692956
6000 0.03333508865166585
6500 0.03532649582033986
7000 0.03657608763480904
7500 0.036289750617230256
8000 0.036221983782317176
8500 0.03710468789666618
9000 0.03658189423989109
9500 0.03757008867123745
10000 0.03737795254826859
10500 0.03725601854952785
11000 0.0368599161518277
11500 0.03726861536625657
12000 0.038086865181506536
12500 0.03786168037528158
13000 0.03659210806368917
13500 0.03880008981344601
14000 0.037277078023189476
14500 0.03926002806963934
15000 0.03788666679905009
15500 0.03742192586176608
16000 0.03827954107236142
16500 0.03929699311418775
17000 0.039133997394602285
17500 0.036720531882006545
18000 0.03824309179466213
18500 0.03734860356763986
19000 0.03988745526930221
19500 0.03899017731807092
20000 0.039721193937814495
500 0.00028760767313134266
1000 0.00038187260885085776
1500 0.0004550628472500926
2000 0.0005192594092165414
2500 0.0005648561834393312
3000 0.0006701625433265236
3500 0.0008516777523493551
4000 0.0015251778690938975
4500 0.0019463404055419307
5000 0.0020725938675679174
5500 0.0024143343194493513
6000 0.00262476857794196
6500 0.0026773412402375948
7000 0.002753510858273799
7500 0.002826397220344456
8000 0.002589851114197333
8500 0.002927829853841278
9000 0.004888549429595115
9500 0.014503637029036764
10000 0.020899452509028547
10500 0.0246821950108526
11000 0.02686673924894959
11500 0.027582736715442153
12000 0.028052541906090557
12500 0.02966833951133265
13000 0.029054852015790368
13500 0.02986604326778179
14000 0.03072181452236503
14500 0.030518297186963222
15000 0.03162293381076156
15500 0.03344342460296246
16000 0.03172234538623194
16500 0.032906085407786445
17000 0.033159492026655406
17500 0.03252775336044649
18000 0.03321910046079029
18500 0.03441438477762546
19000 0.03426473289118601
19500 0.03556034846723746
20000 0.034193530004433724
500 0.0013336554812310394
1000 0.0008229262390337336
1500 0.00037806216468811365
2000 0.0003037111144871729
500 0.0013697346776335793
1000 0.0012429435793228562
1500 0.0012157610694406532
2000 0.001217197482481394
2500 0.0012809185883267999
3000 0.0012785560373755804
3500 0.0014317587342381477
4000 0.0015707429273596107
4500 0.0017622606015181876
5000 0.00196889971747178
5500 0.0021096852702348723
6000 0.002240880383617045
6500 0.00226352424241478
7000 0.002355332111025433
7500 0.002733304461314828
8000 0.0024979710628696846
8500 0.0027493103205688068
9000 0.0019500844261881496
9500 0.002594411427228612
10000 0.0026625869599219663
10500 0.002665245369593053
11000 0.00274129489469157
11500 0.0027035890631995196
12000 0.002693409950125215
12500 0.00271244021577259
13000 0.002661148848288456
13500 0.0029028603944503658
14000 0.003114179198523098
14500 0.0029822638644047186
15000 0.003033520775130731
15500 0.0031152997371601456
16000 0.0032409038577999763
16500 0.003345071359773348
17000 0.003623664492358402
17500 0.004028988551576511
18000 0.004659825445557853
18500 0.005751629331109984
19000 0.007357018015928372
19500 0.010509579583710014
20000 0.01462307413057768
500 0.000624039168202833
1000 0.0006245646472651847
1500 0.0006761205792867368
2000 0.000726533746263556
2500 0.000784907167932776
3000 0.0008815706137099492
3500 0.0009529084766506439
4000 0.0010401048701197083
4500 0.0011762983155061493
5000 0.0013656001420141602
5500 0.0014284228335911598
6000 0.001526366245408829
6500 0.0016364633059104158
7000 0.0018618631208980783
7500 0.0020009722383732497
8000 0.002182007461160957
8500 0.0024342621458469118
9000 0.0025652771966570434
9500 0.0026172235950340217
10000 0.002834785315423345
10500 0.002868401232340894
11000 0.0028837480826934664
11500 0.0029352236385852344
12000 0.0029055968060067655
12500 0.0029640144055979433
13000 0.0029664042294552267
13500 0.0029832734421854972
14000 0.0030732934274548237
14500 0.0030657529303429166
15000 0.0030556451357855456
15500 0.0031665890809230903
16000 0.0031531022852009406
16500 0.0032945133042671486
17000 0.0031939626398323206
17500 0.0031392888560605025
18000 0.0031507628543497443
18500 0.0033265914072378765
19000 0.003229221364405532
19500 0.0032281378343547206
20000 0.0032171447903918573
20500 0.003250799477863622
21000 0.0032195994074270583
21500 0.003262883890553376
22000 0.003262552313042232
22500 0.003291574264125817
23000 0.0033172346191290107
23500 0.0032924899660642043
24000 0.0033350687616938365
24500 0.0033264199801517624
25000 0.003277090004180988
25500 0.003402104371968848
26000 0.0033028343906699683
26500 0.0033487300989039495
27000 0.0032912443335169723
27500 0.0033497972929210497
28000 0.0033120773999128776
28500 0.0033739800483174403
29000 0.003320392954338968
29500 0.0033205186774599065
30000 0.003461330550055593
30500 0.0033463998271561998
31000 0.003367435219788459
31500 0.003362258973205238
32000 0.003342129565348502
32500 0.00321921576734065
33000 0.003300471025869571
33500 0.003300425281742271
34000 0.0032855179191113634
34500 0.003373710341381712
35000 0.0032003563786676546
35500 0.0033640575948431866
36000 0.0034838261875562637
36500 0.00331355784669172
37000 0.0033753766263238433
37500 0.003424091501615418
38000 0.0033484982854780337
38500 0.003316804825801171
39000 0.0033397050935596974
39500 0.00331635358570138
40000 0.0033184647404027674
40500 0.003340788918694116
41000 0.0033586194400221886
41500 0.0033871993194639115
42000 0.00334568849535069
42500 0.003338165950387106
43000 0.003415714738339157
43500 0.0033007801954561163
44000 0.0033628210274826865
44500 0.003316383204071867
45000 0.003434704356984939
45500 0.0033439913704373897
46000 0.003356790945967044
46500 0.0032580487765542085
47000 0.0032909367553481538
47500 0.0032950283983935956
48000 0.003349183358465131
48500 0.0033302260701430077
49000 0.003389378645820525
49500 0.003357816168333824
50000 0.0033764240847876793
500 0.0015074217869620913
1000 0.0014256766791802392
1500 0.0014617037678069467
2000 0.0014508925362970776
2500 0.0014333640109107275
3000 0.0014127270347384677
3500 0.0013635459320611566
4000 0.0013505341158241335
4500 0.0013121450056477334
5000 0.0013731063115893212
5500 0.0013204394951887492
6000 0.001341211039232591
6500 0.0013914666318259401
7000 0.0013460492212006537
7500 0.0013256171624070618
8000 0.0014095391084832144
8500 0.001452183903313652
9000 0.0015673695417064073
9500 0.0015639514440176248
10000 0.0015798341156968026
10500 0.0015224128338227447
11000 0.0015286610244453762
11500 0.0015510913216947764
12000 0.0015765211440973014
12500 0.0015369782729832556
13000 0.0016270966020933216
13500 0.0016220212935507696
14000 0.001626993539130489
14500 0.0016570102225101045
15000 0.0016186657169812314
15500 0.001658610935040277
16000 0.001673404146064585
16500 0.0016695815585825338
17000 0.001663273626310491
17500 0.0016973656125159923
18000 0.0016647466953853016
18500 0.0017394602555162785
19000 0.001730743772408034
19500 0.0017273539752730813
20000 0.0017410913377675576
20500 0.0017517168399172765
21000 0.001686905986306813
21500 0.001777417782871596
22000 0.0017912928430784717
22500 0.0017202219527227543
23000 0.0017800003470780953
23500 0.001749387774373466
24000 0.0017045157680712008
24500 0.0017637282819403708
25000 0.001799693859777813
25500 0.001782946867671806
26000 0.0018075950137921167
26500 0.0018123888510866814
27000 0.0017449286867653288
27500 0.0017927380238034645
28000 0.0017612809090325897
28500 0.0018059480765805732
29000 0.0017730766391098932
29500 0.0017845764267955678
30000 0.001813230585726785
30500 0.0017854146543637827
31000 0.001823653222845723
31500 0.001765116488607411
32000 0.0018118695174482024
32500 0.0018080803643403668
33000 0.0017673300121025994
33500 0.0017812520586669377
34000 0.0018064395337134681
34500 0.0018197889635445292
35000 0.0017689190081289202
35500 0.0018292960647446463
36000 0.0017789147540298294
36500 0.0017839398981066483
37000 0.0018069774781425186
37500 0.001838615634344597
38000 0.0018020831987352341
38500 0.0017507900789812416
39000 0.0018450879111077637
39500 0.0017620673776860213
40000 0.0018033181323538958
40500 0.0017967745495984452
41000 0.0017779250554682546
41500 0.00182262350903663
42000 0.0017944146985726505
42500 0.0018244011514195312
43000 0.001779782604347664
43500 0.0018032046511310205
44000 0.0017954916798556357
44500 0.0017847023038751065
45000 0.0018011064836414596
45500 0.0017635367016177789
46000 0.0017993480966161778
46500 0.001834639378206774
47000 0.001782163935697545
47500 0.0018170775720667994
48000 0.0017886332783381407
48500 0.0017951244615588406
49000 0.001807042783220532
49500 0.0017676423558645924
50000 0.0017717243151680977
500 0.0015377015814331796
1000 0.0016191282180101838
1500 0.001836368368333798
2000 0.002121336458761665
2500 0.00239955885907628
3000 0.002847067014406715
3500 0.0030494588895186047
4000 0.0033104818672767943
4500 0.0036832610870500826
5000 0.003829759900514667
500 0.000273245946913419
1000 0.002830007443755188
1500 0.0026421708290834223
2000 0.0038406573546271028
2500 0.0058903508675121966
500 0.0017325158148204828
1000 0.0024762542493100186
1500 0.003330198896284498
2000 0.003669113177233183
2500 0.00335669150888419
3000 0.003968801575399738
3500 0.0040143270727126
4000 0.005205116327746762
4500 0.006561020912583063
5000 0.013393686759268357
500 0.0013469742432144136
500 0.002994325958371182
1000 0.0032020395926971377
1500 0.003387762873716935
2000 0.0036091674411845146
2500 0.0035507603984439268
3000 0.0021393305346888622
3500 0.003532797141276503
4000 0.0038897669025388273
4500 0.00382622740583178
5000 0.004568657811136328
5500 0.005128541449189625
6000 0.006538680436310877
6500 0.008935318257320371
7000 0.013815839764369819
7500 0.020626941166456997
8000 0.03160619761256327
8500 0.034578027039560214
9000 0.035710828344494974
9500 0.03614925963870703
10000 0.03637859641594166
